2 0.18932584269662922 0.7669230769230769 0.11123595505617978 0.2876923076923077
2 0.7151685393258427 0.46923076923076923 0.10674157303370786 0.2
2 0.17191011235955056 0.2723076923076923 0.09662921348314607 0.18461538461538463
2 0.5275280898876404 0.65 0.12022471910112359 0.23846153846153847
2 0.5022471910112359 0.5769230769230769 0.28314606741573034 0.16923076923076924
2 0.3393258426966292 0.49230769230769234 0.07191011235955057 0.18461538461538463
2 0.7301910112359551 0.5936615384615385 0.1101123595505618 0.23153846153846153
2 0.6563932584269664 0.6608615384615385 0.06361797752808988 0.1328923076923077
1 0.471561797752809 0.22163076923076924 0.05829213483146068 0.20673846153846154
1 0.7981011235955056 0.1476 0.06952808988764045 0.12404615384615383
1 0.7654494382022472 0.11538461538461539 0.0449438202247191 0.09038461538461538